      0/99     1.05G    0.1074   0.07495   0.03555    0.2179        67       640  0.007348   0.08445  0.002339 0.0003667   0.09236   0.06473    0.0321
      1/99     1.71G    0.0861    0.0801    0.0249    0.1911        63       640    0.4434    0.1362    0.1114   0.03034   0.07883   0.05426    0.0232
      2/99     1.71G   0.07461   0.06956   0.01937    0.1635        58       640    0.1766    0.3975    0.2092   0.05489   0.06895   0.04564   0.01842
      3/99     1.71G   0.06898   0.06172    0.0154    0.1461        77       640    0.2423    0.5481    0.2971   0.08883   0.05814   0.04405   0.01557
      4/99     1.71G   0.06458   0.06215     0.014    0.1407        39       640    0.3276    0.6332    0.4145    0.1696   0.04996   0.04174   0.01468
      5/99     1.71G   0.06184   0.05888   0.01321    0.1339        41       640    0.3708    0.6185    0.4284    0.1579   0.05253   0.03984   0.01413
      6/99     1.71G   0.05997   0.05865   0.01268    0.1313        50       640    0.3941    0.6111    0.4501    0.1845   0.04611   0.04711   0.01398
      7/99     1.71G   0.05276   0.05837   0.01232    0.1235        92       640    0.4859    0.7439    0.6038    0.2725   0.04282   0.04053   0.01326
      8/99     1.71G   0.05037   0.05624    0.0115    0.1181        95       640    0.4509    0.7537    0.6075    0.2324   0.04667    0.0386   0.01258
      9/99     1.71G   0.04719   0.05482   0.01074    0.1127        78       640    0.5835    0.7185    0.6867     0.309   0.04018   0.03716   0.01128
     10/99     1.71G   0.04469   0.05286  0.009567    0.1071        56       640    0.6978     0.738    0.7484    0.3417   0.03939    0.0369  0.009646
     11/99     1.71G   0.04196   0.05234  0.008424    0.1027        67       640    0.7324     0.722    0.7521    0.3754   0.03694   0.03696  0.009115
     12/99     1.71G   0.04146   0.05189  0.007812    0.1012        48       640    0.7218    0.7784    0.7769    0.3747   0.03832   0.03569  0.007558
     13/99     1.71G    0.0422   0.05188   0.00684    0.1009        65       640    0.7401    0.7738    0.7864    0.3581   0.03802   0.03583  0.006971
     14/99     1.71G   0.03981   0.05105  0.006179   0.09703        60       640    0.7753    0.7711    0.7933    0.4085   0.03448   0.03542  0.006876
     15/99     1.71G   0.04039   0.05133  0.006106   0.09782        49       640    0.7764    0.7737    0.7976    0.4027   0.03585   0.03527  0.006572
     16/99     1.71G   0.03936   0.05052   0.00576   0.09563        79       640    0.7899    0.7781    0.8142    0.4191   0.03451   0.03463  0.006179
     17/99     1.71G   0.03912   0.05062  0.005623   0.09537        55       640     0.776    0.7934     0.812    0.4055   0.03525   0.03496  0.006748
     18/99     1.71G   0.03867   0.04831  0.005485   0.09246        77       640    0.7865    0.7553    0.8017    0.4062   0.03543   0.03493  0.006181
     19/99     1.71G   0.03871   0.04824  0.005456   0.09241        26       640    0.8144    0.7699    0.8263    0.4235   0.03428   0.03463   0.00676
     20/99     1.71G   0.03883   0.04974  0.005092   0.09366        59       640    0.7911    0.7983    0.8284    0.4236   0.03424   0.03454  0.005823
     21/99     1.71G   0.03765   0.04844  0.004769   0.09085        54       640    0.7973    0.7948    0.8297    0.4302   0.03299   0.03447  0.005488
     22/99     1.71G   0.03585   0.04715  0.004438   0.08744        45       640    0.8241    0.7855    0.8403    0.4396   0.03329   0.03421  0.005539
     23/99     1.71G   0.03645   0.04794  0.004346   0.08873        57       640    0.8042    0.8013    0.8408     0.439   0.03322   0.03431  0.005515
     24/99     1.71G   0.03638   0.04771  0.004324   0.08841        81       640     0.838    0.7893    0.8478    0.4447   0.03278   0.03437   0.00491
     25/99     1.71G   0.03598   0.04775  0.004201   0.08792        97       640    0.8011    0.7984    0.8351    0.4394   0.03309   0.03438  0.005734
     26/99     1.71G   0.03534   0.04605  0.004183   0.08558        45       640    0.8181    0.7954    0.8433    0.4485   0.03245    0.0339  0.005523
     27/99     1.71G   0.03566   0.04578  0.004329   0.08577        50       640    0.8265    0.7849    0.8308    0.4441   0.03255   0.03425  0.005077
     28/99     1.71G   0.03592    0.0464  0.004065   0.08639        44       640     0.812    0.7972    0.8352    0.4389   0.03282   0.03518  0.005745
     29/99     1.71G   0.03513   0.04576  0.003981   0.08488        77       640    0.7993    0.8061    0.8307    0.4414   0.03275     0.034  0.005772
     30/99     1.71G   0.03472   0.04656  0.003942   0.08521        64       640    0.8271    0.7979    0.8483    0.4399   0.03361   0.03449   0.00507
     31/99     1.71G   0.03426   0.04495  0.003932   0.08314        42       640    0.8382    0.7835    0.8371    0.4485   0.03198   0.03416  0.005352
     32/99     1.71G   0.03489   0.04579  0.003759   0.08444        73       640    0.8202    0.7882    0.8279    0.4441   0.03248   0.03416  0.006048
     33/99     1.71G   0.03461   0.04502  0.003716   0.08335        48       640    0.8322     0.816    0.8572    0.4647   0.03131     0.034  0.004314
     34/99     1.71G   0.03411   0.04505  0.003619   0.08277        69       640    0.8511    0.7714    0.8485    0.4584   0.03176   0.03426  0.004788
     35/99     1.71G   0.03387   0.04662  0.003512     0.084        43       640    0.8307    0.7924    0.8474    0.4594   0.03195   0.03394  0.004961
     36/99     1.71G   0.03319   0.04422  0.003388    0.0808        51       640    0.8257    0.8108    0.8588    0.4572   0.03209   0.03404  0.004761
     37/99     1.71G   0.03363   0.04504  0.003434   0.08211        94       640    0.8316    0.8041    0.8577    0.4623   0.03175   0.03451  0.004889
     38/99     1.71G   0.03317   0.04497  0.003454   0.08159        50       640    0.8218    0.8226    0.8466    0.4589   0.03209   0.03498  0.004408
     39/99     1.71G   0.03307   0.04496  0.003399   0.08143        87       640     0.842    0.7869    0.8496    0.4617   0.03155   0.03482  0.005074
     40/99     1.71G   0.03236   0.04325  0.003121   0.07873        67       640    0.8099    0.8402    0.8571    0.4641   0.03163   0.03446  0.004652
     41/99     1.71G   0.03197   0.04456  0.003375    0.0799        40       640    0.8202    0.8135    0.8567    0.4631   0.03155    0.0345  0.005167
     42/99     1.71G   0.03255   0.04373  0.003221    0.0795        44       640    0.8406    0.8193     0.859    0.4676   0.03098   0.03417  0.005069
     43/99     1.71G   0.03209   0.04397  0.003033   0.07909        62       640    0.8387    0.8176    0.8547    0.4688   0.03103     0.034  0.005384
     44/99     1.71G   0.03242   0.04285  0.003287   0.07856        49       640    0.8342    0.8114    0.8584    0.4625   0.03178   0.03377  0.004753
     45/99     1.71G   0.03167   0.04232  0.003025   0.07702        58       640    0.8028    0.8156    0.8339    0.4601   0.03118   0.03424  0.006673
     46/99     1.71G   0.03204   0.04208  0.003048   0.07716        33       640    0.8461    0.8118    0.8605    0.4698   0.03153   0.03368  0.004907
     47/99     1.71G    0.0314   0.04255  0.002915   0.07686        42       640     0.837    0.8127    0.8477    0.4696   0.03144   0.03388  0.005163
     48/99     1.71G   0.03154   0.04225  0.002983   0.07677        57       640    0.8378    0.8116    0.8585    0.4671   0.03143   0.03398  0.004191
     49/99     1.71G   0.03097   0.04219  0.002819   0.07598        58       640    0.8437    0.8208    0.8577    0.4679   0.03123   0.03373  0.004594
     50/99     1.71G   0.03101   0.04218  0.002925   0.07611        34       640    0.8289    0.8103      0.85    0.4692   0.03107   0.03455   0.00491
     51/99     1.71G   0.03046   0.04193  0.002877   0.07527        45       640    0.8269    0.8295    0.8544    0.4712   0.03121   0.03388   0.00523
     52/99     1.71G   0.03062   0.04239  0.002905   0.07591        52       640    0.8336    0.8048    0.8524    0.4673   0.03135   0.03417  0.005205
     53/99     1.71G   0.03069   0.04201  0.002811   0.07551        46       640    0.8468    0.7811    0.8524    0.4704   0.03105   0.03427  0.004806
     54/99     1.71G   0.03047    0.0417  0.002688   0.07485        51       640    0.8352    0.8169    0.8534    0.4692   0.03119   0.03463  0.004859
     55/99     1.71G   0.03052   0.04105  0.002767   0.07433        31       640    0.8397    0.8193    0.8586    0.4747   0.03125   0.03459   0.00462
     56/99     1.71G   0.03009   0.04167   0.00284   0.07459        49       640    0.8461    0.8198    0.8612    0.4759   0.03108   0.03432  0.004625
     57/99     1.71G   0.02991   0.04142  0.002746   0.07408        66       640    0.8306    0.8303    0.8658    0.4727   0.03133   0.03445  0.004575
     58/99     1.71G   0.02954   0.04118  0.002781   0.07349        36       640    0.8296    0.8216    0.8564    0.4748   0.03097   0.03454  0.005071
     59/99     1.71G   0.02972    0.0408    0.0026   0.07312        31       640    0.8545    0.8193    0.8617    0.4755   0.03105   0.03432  0.004792
     60/99     1.71G   0.02957   0.04096  0.002516   0.07305        58       640    0.8499     0.813    0.8555    0.4731   0.03118   0.03456    0.0049
     61/99     1.71G   0.02977   0.04041  0.002641   0.07282        69       640    0.8556     0.808    0.8607    0.4739   0.03101   0.03491  0.005083
     62/99     1.71G   0.02952   0.04071  0.002699   0.07292        69       640    0.8553    0.8203    0.8617    0.4772   0.03093   0.03467  0.004898
     63/99     1.71G   0.02932    0.0399  0.002396   0.07163        43       640    0.8184    0.8396    0.8574    0.4765   0.03094   0.03419  0.005133
     64/99     1.71G   0.02921   0.04022  0.002416   0.07185        30       640     0.832    0.8282    0.8618    0.4778   0.03113   0.03425  0.004901
     65/99     1.71G   0.02891   0.04028  0.002469   0.07166        56       640    0.8397    0.8287    0.8569    0.4778   0.03096   0.03461  0.004409
     66/99     1.71G   0.02888   0.04119  0.002541    0.0726        79       640    0.8279     0.835    0.8601    0.4766   0.03087   0.03498  0.004418
     67/99     1.71G   0.02882   0.04046  0.002483   0.07176        61       640    0.8437    0.8089    0.8589    0.4808   0.03086   0.03456  0.004166
     68/99     1.71G   0.02889   0.03998  0.002402   0.07128        76       640    0.8403    0.8345    0.8586    0.4737   0.03092   0.03481  0.004491
     69/99     1.71G   0.02869   0.03991  0.002364   0.07096        57       640    0.8341    0.8292    0.8628    0.4799   0.03082   0.03473  0.004581
     70/99     1.71G   0.02869   0.03969  0.002405   0.07078        60       640    0.8286    0.8259    0.8588    0.4759   0.03093   0.03522  0.004786
     71/99     1.71G   0.02822   0.03945  0.002342   0.07001        60       640    0.8596    0.7992    0.8552    0.4787    0.0307   0.03487  0.004575
     72/99     1.71G   0.02828   0.03887  0.002386   0.06954        57       640    0.8291     0.826    0.8543    0.4768    0.0311   0.03488    0.0045
     73/99     1.71G   0.02821   0.03851  0.002311   0.06903        72       640    0.8501    0.8213    0.8591    0.4783   0.03106   0.03541  0.004894
     74/99     1.71G   0.02783   0.03955  0.002187   0.06957        34       640    0.8673    0.8102    0.8639    0.4808   0.03095   0.03507  0.004575
     75/99     1.71G   0.02807   0.03983  0.002166   0.07006        61       640    0.8566     0.807    0.8622    0.4801   0.03098   0.03504  0.004479
     76/99     1.71G   0.02776   0.03831  0.002247   0.06832        51       640    0.8531    0.8107    0.8585    0.4772   0.03108   0.03521  0.004787
     77/99     1.71G   0.02765   0.03899  0.002285   0.06892        47       640    0.8404    0.8342    0.8601     0.478   0.03094   0.03502  0.004408
     78/99     1.71G   0.02764   0.03844  0.002183   0.06826        61       640    0.8436    0.8306    0.8595    0.4746   0.03094   0.03534  0.004749
     79/99     1.71G   0.02753   0.03772  0.002121   0.06737        54       640    0.8356    0.8254    0.8601    0.4788   0.03099   0.03524  0.004178
     80/99     1.71G   0.02746   0.03853  0.002135   0.06813        60       640    0.8439    0.8237    0.8579    0.4773   0.03111    0.0352  0.004555
     81/99     1.71G   0.02752   0.03829  0.002191     0.068        21       640    0.8296    0.8295    0.8618    0.4763    0.0311    0.0355  0.004267
     82/99     1.71G   0.02728   0.03814  0.002295   0.06772        63       640    0.8256    0.8301    0.8548    0.4785    0.0308   0.03508  0.004811
     83/99     1.71G   0.02749   0.03769  0.002149   0.06733        50       640    0.8549    0.8076    0.8573    0.4764   0.03097   0.03533  0.005119
     84/99     1.71G   0.02759   0.03854  0.002237   0.06837        47       640    0.8501    0.8096    0.8538    0.4788   0.03096   0.03549  0.004483
     85/99     1.71G   0.02712   0.03881  0.002097   0.06802        80       640    0.8498    0.8065    0.8507    0.4762   0.03087   0.03539  0.004914
     86/99     1.71G    0.0272    0.0381  0.002101    0.0674        53       640    0.8506    0.8262    0.8594    0.4795   0.03084   0.03574  0.004596
     87/99     1.71G   0.02698   0.03763  0.002081   0.06669        73       640     0.858    0.8162    0.8642    0.4839   0.03068   0.03539  0.004425
     88/99     1.71G   0.02736    0.0375  0.002369   0.06723        65       640    0.8497    0.8211    0.8573    0.4811   0.03093   0.03572  0.004377
     89/99     1.71G     0.027   0.03708  0.002086   0.06617        81       640    0.8607    0.7997    0.8533    0.4781   0.03107   0.03568  0.004567
     90/99     1.71G   0.02711   0.03799  0.002101   0.06721        59       640    0.8464    0.8102    0.8587    0.4806   0.03097   0.03578  0.004816
     91/99     1.71G   0.02705   0.03801  0.002023   0.06708        52       640    0.8249    0.8305    0.8546    0.4798   0.03092   0.03545  0.004753
     92/99     1.71G    0.0268    0.0375  0.001951   0.06625        42       640    0.8349    0.8406    0.8606    0.4796   0.03079   0.03546   0.00488
     93/99     1.71G   0.02702    0.0366  0.002057   0.06567        70       640    0.8712    0.8068    0.8561    0.4778    0.0308   0.03545  0.004796
     94/99     1.71G   0.02657   0.03718  0.002064   0.06582        49       640    0.8386    0.8371    0.8568    0.4741   0.03089   0.03572  0.004907
     95/99     1.71G   0.02661   0.03771   0.00207   0.06639        54       640    0.8523     0.824    0.8567    0.4754   0.03087   0.03604  0.004601
     96/99     1.71G   0.02683   0.03786  0.001992   0.06668        82       640    0.8622    0.8218    0.8621    0.4773   0.03095     0.036  0.004658
     97/99     1.71G   0.02645   0.03571     0.002   0.06416        37       640    0.8529    0.8254     0.862    0.4775   0.03096   0.03609  0.004818
     98/99     1.71G   0.02653   0.03818  0.002009   0.06673        67       640    0.8537    0.8304    0.8617    0.4789   0.03093   0.03589  0.004434
     99/99     1.71G   0.02639   0.03771  0.001824   0.06592        74       640    0.8482    0.8293    0.8613    0.4784   0.03104    0.0361  0.004733
